$ 1 0.000005 1.6308177459886661 50 5 50 5e-11
v 176 288 176 144 0 3 40 5 2 0 0.5
r 176 144 272 144 0 470
w 272 144 272 160 0
w 176 288 272 288 0
d 272 144 272 80 2 1N5711
d 272 256 272 160 2 1N5711
O 304 144 400 144 1 0
v 96 256 96 64 0 0 40 3.3 0 0 0.5
w 96 64 272 64 1
w 272 80 272 64 0
w 96 256 96 288 0
w 96 288 176 288 0
w 272 256 272 288 0
c 304 144 304 288 0 1.0000000000000001e-7 3.3642193670405067 0.001
w 304 288 272 288 0
w 272 144 304 144 0
o 0 32 0 4099 10 0.0125 0 2 0 3
o 6 64 0 4098 5 0.0000244140625 1 1
